DMDA object:
DM Object: 1 MPI processes
  type: da
Processor [0] M 10 N 10 m 1 n 1 w 3 s 1
X range of indices: 0 10, Y range of indices: 0 10

Global vector:
Vec Object: 1 MPI processes
  type: seq
Vec Object:Vec_0x16a02c0_0 1 MPI processes
  type: mpi
Process [0]
0.
1000.
2000.
1.
1001.
2001.
2.
1002.
2002.
3.
1003.
2003.
4.
1004.
2004.
5.
1005.
2005.
6.
1006.
2006.
7.
1007.
2007.
8.
1008.
2008.
9.
1009.
2009.
10.
1010.
2010.
11.
1011.
2011.
12.
1012.
2012.
13.
1013.
2013.
14.
1014.
2014.
15.
1015.
2015.
16.
1016.
2016.
17.
1017.
2017.
18.
1018.
2018.
19.
1019.
2019.
20.
1020.
2020.
21.
1021.
2021.
22.
1022.
2022.
23.
1023.
2023.
24.
1024.
2024.
25.
1025.
2025.
26.
1026.
2026.
27.
1027.
2027.
28.
1028.
2028.
29.
1029.
2029.
30.
1030.
2030.
31.
1031.
2031.
32.
1032.
2032.
33.
1033.
2033.
34.
1034.
2034.
35.
1035.
2035.
36.
1036.
2036.
37.
1037.
2037.
38.
1038.
2038.
39.
1039.
2039.
40.
1040.
2040.
41.
1041.
2041.
42.
1042.
2042.
43.
1043.
2043.
44.
1044.
2044.
45.
1045.
2045.
46.
1046.
2046.
47.
1047.
2047.
48.
1048.
2048.
49.
1049.
2049.
50.
1050.
2050.
51.
1051.
2051.
52.
1052.
2052.
53.
1053.
2053.
54.
1054.
2054.
55.
1055.
2055.
56.
1056.
2056.
57.
1057.
2057.
58.
1058.
2058.
59.
1059.
2059.
60.
1060.
2060.
61.
1061.
2061.
62.
1062.
2062.
63.
1063.
2063.
64.
1064.
2064.
65.
1065.
2065.
66.
1066.
2066.
67.
1067.
2067.
68.
1068.
2068.
69.
1069.
2069.
70.
1070.
2070.
71.
1071.
2071.
72.
1072.
2072.
73.
1073.
2073.
74.
1074.
2074.
75.
1075.
2075.
76.
1076.
2076.
77.
1077.
2077.
78.
1078.
2078.
79.
1079.
2079.
80.
1080.
2080.
81.
1081.
2081.
82.
1082.
2082.
83.
1083.
2083.
84.
1084.
2084.
85.
1085.
2085.
86.
1086.
2086.
87.
1087.
2087.
88.
1088.
2088.
89.
1089.
2089.
90.
1090.
2090.
91.
1091.
2091.
92.
1092.
2092.
93.
1093.
2093.
94.
1094.
2094.
95.
1095.
2095.
96.
1096.
2096.
97.
1097.
2097.
98.
1098.
2098.
99.
1099.
2099.

Local vector:
Vec Object: 1 MPI processes
  type: seq
1.
1.
1.
1.
1.
1.
1.
1.
1.
1.
1.
1.
1.
1.
1.
1.
1.
1.
1.
1.
1.
1.
1.
1.
1.
1.
1.
1.
1.
1.
1.
1.
1.
1.
1.
1.
1.
1.
1.
1.
1.
1.
1.
1.
1.
1.
1.
1.
1.
1.
1.
1.
1.
1.
1.
1.
1.
1.
1.
1.
1.
1.
1.
1.
1.
1.
1.
1.
1.
1.
1.
1.
1.
1.
1.
1.
1.
1.
1.
1.
1.
1.
1.
1.
1.
1.
1.
1.
1.
1.
1.
1.
1.
1.
1.
1.
1.
1.
1.
1.
1.
1.
1.
1.
1.
1.
1.
1.
1.
1.
1.
1.
1.
1.
1.
1.
1.
1.
1.
1.
1.
1.
1.
1.
1.
1.
1.
1.
1.
1.
1.
1.
1.
1.
1.
1.
1.
1.
1.
1.
1.
1.
1.
1.
1.
1.
1.
1.
1.
1.
1.
1.
1.
1.
1.
1.
1.
1.
1.
1.
1.
1.
1.
1.
1.
1.
1.
1.
1.
1.
1.
1.
1.
1.
1.
1.
1.
1.
1.
1.
1.
1.
1.
1.
1.
1.
1.
1.
1.
1.
1.
1.
1.
1.
1.
1.
1.
1.
1.
1.
1.
1.
1.
1.
1.
1.
1.
1.
1.
1.
1.
1.
1.
1.
1.
1.
1.
1.
1.
1.
1.
1.
1.
1.
1.
1.
1.
1.
1.
1.
1.
1.
1.
1.
1.
1.
1.
1.
1.
1.
1.
1.
1.
1.
1.
1.
1.
1.
1.
1.
1.
1.
1.
1.
1.
1.
1.
1.
1.
1.
1.
1.
1.
1.
1.
1.
1.
1.
1.
1.
1.
1.
1.
1.
1.
1.
1.
1.
1.
1.
1.
1.
1.
1.
1.
1.
1.
1.
1.
1.
1.
1.
1.
1.
1.
1.
1.
1.
1.
1.
1.
1.
1.
1.
1.
1.
1.
1.
1.
1.
1.
1.
1.
1.
1.
1.
1.
1.
1.
1.
1.
1.
1.
1.
1.
1.
1.
1.
1.
1.
1.
1.
1.
1.
1.
1.
1.
1.
1.
1.
1.
1.
1.
1.
1.
1.
1.
1.
1.
1.
1.
1.
1.
1.
1.
1.
1.
1.
1.
1.
1.
1.
1.
1.
1.
1.
1.
1.
1.
1.
1.
1.
1.
1.
1.
1.
1.
1.
1.
1.
1.
1.
1.
1.
1.
1.
1.
1.
1.
1.
1.
1.
1.
1.
1.
1.
1.
1.
1.
1.
1.
1.
1.
1.
1.
1.
1.
1.
1.
1.
1.
1.
1.
1.
1.
1.
1.
1.
1.
1.
1.
1.
1.
1.
1.
1.
1.
1.
1.
1.
1.
1.
