DMDA object:
DM Object: 1 MPI processes
  type: da
Processor [0] M 10 N 10 m 1 n 1 w 3 s 1
X range of indices: 0 10, Y range of indices: 0 10

Global vector:
Vec Object: 1 MPI processes
  type: seq
Vec Object:Vec_0x1acc690_0 1 MPI processes
  type: mpi
Process [0]
0.
1000.
2000.
10.
1010.
2010.
20.
1020.
2020.
30.
1030.
2030.
40.
1040.
2040.
50.
1050.
2050.
60.
1060.
2060.
70.
1070.
2070.
80.
1080.
2080.
90.
1090.
2090.
1.
1001.
2001.
11.
1011.
2011.
21.
1021.
2021.
31.
1031.
2031.
41.
1041.
2041.
51.
1051.
2051.
61.
1061.
2061.
71.
1071.
2071.
81.
1081.
2081.
91.
1091.
2091.
2.
1002.
2002.
12.
1012.
2012.
22.
1022.
2022.
32.
1032.
2032.
42.
1042.
2042.
52.
1052.
2052.
62.
1062.
2062.
72.
1072.
2072.
82.
1082.
2082.
92.
1092.
2092.
3.
1003.
2003.
13.
1013.
2013.
23.
1023.
2023.
33.
1033.
2033.
43.
1043.
2043.
53.
1053.
2053.
63.
1063.
2063.
73.
1073.
2073.
83.
1083.
2083.
93.
1093.
2093.
4.
1004.
2004.
14.
1014.
2014.
24.
1024.
2024.
34.
1034.
2034.
44.
1044.
2044.
54.
1054.
2054.
64.
1064.
2064.
74.
1074.
2074.
84.
1084.
2084.
94.
1094.
2094.
5.
1005.
2005.
15.
1015.
2015.
25.
1025.
2025.
35.
1035.
2035.
45.
1045.
2045.
55.
1055.
2055.
65.
1065.
2065.
75.
1075.
2075.
85.
1085.
2085.
95.
1095.
2095.
6.
1006.
2006.
16.
1016.
2016.
26.
1026.
2026.
36.
1036.
2036.
46.
1046.
2046.
56.
1056.
2056.
66.
1066.
2066.
76.
1076.
2076.
86.
1086.
2086.
96.
1096.
2096.
7.
1007.
2007.
17.
1017.
2017.
27.
1027.
2027.
37.
1037.
2037.
47.
1047.
2047.
57.
1057.
2057.
67.
1067.
2067.
77.
1077.
2077.
87.
1087.
2087.
97.
1097.
2097.
8.
1008.
2008.
18.
1018.
2018.
28.
1028.
2028.
38.
1038.
2038.
48.
1048.
2048.
58.
1058.
2058.
68.
1068.
2068.
78.
1078.
2078.
88.
1088.
2088.
98.
1098.
2098.
9.
1009.
2009.
19.
1019.
2019.
29.
1029.
2029.
39.
1039.
2039.
49.
1049.
2049.
59.
1059.
2059.
69.
1069.
2069.
79.
1079.
2079.
89.
1089.
2089.
99.
1099.
2099.

Local vector:
Vec Object: 1 MPI processes
  type: seq
1.
1.
1.
1.
1.
1.
1.
1.
1.
1.
1.
1.
1.
1.
1.
1.
1.
1.
1.
1.
1.
1.
1.
1.
1.
1.
1.
1.
1.
1.
1.
1.
1.
1.
1.
1.
1.
1.
1.
1.
1.
1.
1.
1.
1.
1.
1.
1.
1.
1.
1.
1.
1.
1.
1.
1.
1.
1.
1.
1.
1.
1.
1.
1.
1.
1.
1.
1.
1.
1.
1.
1.
1.
1.
1.
1.
1.
1.
1.
1.
1.
1.
1.
1.
1.
1.
1.
1.
1.
1.
1.
1.
1.
1.
1.
1.
1.
1.
1.
1.
1.
1.
1.
1.
1.
1.
1.
1.
1.
1.
1.
1.
1.
1.
1.
1.
1.
1.
1.
1.
1.
1.
1.
1.
1.
1.
1.
1.
1.
1.
1.
1.
1.
1.
1.
1.
1.
1.
1.
1.
1.
1.
1.
1.
1.
1.
1.
1.
1.
1.
1.
1.
1.
1.
1.
1.
1.
1.
1.
1.
1.
1.
1.
1.
1.
1.
1.
1.
1.
1.
1.
1.
1.
1.
1.
1.
1.
1.
1.
1.
1.
1.
1.
1.
1.
1.
1.
1.
1.
1.
1.
1.
1.
1.
1.
1.
1.
1.
1.
1.
1.
1.
1.
1.
1.
1.
1.
1.
1.
1.
1.
1.
1.
1.
1.
1.
1.
1.
1.
1.
1.
1.
1.
1.
1.
1.
1.
1.
1.
1.
1.
1.
1.
1.
1.
1.
1.
1.
1.
1.
1.
1.
1.
1.
1.
1.
1.
1.
1.
1.
1.
1.
1.
1.
1.
1.
1.
1.
1.
1.
1.
1.
1.
1.
1.
1.
1.
1.
1.
1.
1.
1.
1.
1.
1.
1.
1.
1.
1.
1.
1.
1.
1.
1.
1.
1.
1.
1.
1.
1.
1.
1.
1.
1.
1.
1.
1.
1.
1.
1.
1.
1.
1.
1.
1.
1.
1.
1.
1.
1.
1.
1.
1.
1.
1.
1.
1.
1.
1.
1.
1.
1.
1.
1.
1.
1.
1.
1.
1.
1.
1.
1.
1.
1.
1.
1.
1.
1.
1.
1.
1.
1.
1.
1.
1.
1.
1.
1.
1.
1.
1.
1.
1.
1.
1.
1.
1.
1.
1.
1.
1.
1.
1.
1.
1.
1.
1.
1.
1.
1.
1.
1.
1.
1.
1.
1.
1.
1.
1.
1.
1.
1.
1.
1.
1.
1.
1.
1.
1.
1.
1.
1.
1.
1.
1.
1.
1.
1.
1.
1.
1.
1.
1.
1.
1.
1.
1.
1.
1.
1.
1.
1.
1.
1.
1.
1.
1.
1.
1.
1.
1.
1.
1.
1.
1.
1.
1.
1.
1.
1.
1.
1.
